chamber,Date,person,branch,leaf_no
C01,2016-04-07,Mark,15,73
C01,2016-04-07,Mark,16,84
C01,2016-04-07,Mark,17,42
C01,2016-04-07,Mark,18,69
C01,2016-04-07,Mark,19,228
C01,2016-04-07,Mark,20,149
C01,2016-04-07,Mark,21,243
C01,2016-04-07,Mark,22,130
C01,2016-04-07,Mark,23,160
C01,2016-04-07,Mark,24,117
C01,2016-04-07,Mark,25,114
C01,2016-04-07,Mark,26,151
C01,2016-04-07,Mark,27,259
C01,2016-04-07,Mark,28,262
C01,2016-04-07,Mark,29,267
C01,2016-04-07,Mark,30,177
C01,2016-04-07,Mark,31,457
C01,2016-04-07,Mark,32,211
C01,2016-04-07,Mark,33,106
C01,2016-04-07,Mark,34,109
C01,2016-04-07,Mark,35,539
C01,2016-04-07,Mark,36,102
C01,2016-04-07,Mark,37,67
C01,2016-04-07,Mark,38,39
C01,2016-04-07,Mark,39,71
C01,2016-04-07,Mark,40,117
C01,2016-04-07,Mark,41,134
C01,2016-04-07,Mark,42,117
C01,2016-04-07,Mark,43,127
C01,2016-04-07,Mark,44,92
C01,2016-04-07,Mark,45,86
C01,2016-04-07,Mark,46,60
C01,2016-04-07,Mark,47,79
C01,2016-04-07,Mark,48,60
C01,2016-04-07,Mark,49,47
C01,2016-04-07,Mark,50,44
C01,2016-04-07,Mark,51,46
C01,2016-04-07,Mark,52,29
C01,2016-04-07,Mark,53,20
C01,2016-04-07,Mark,54,13
C01,2016-04-07,Mark,55,12
C01,2016-04-07,Mark,56,5
C01,2016-04-07,Mark,57,3
C01,2016-04-07,Mark,58,2
C02,2016-04-07,Dushan,18,39
C02,2016-04-07,Dushan,19,47
C02,2016-04-07,Dushan,20,44
C02,2016-04-07,Dushan,21,106
C02,2016-04-07,Dushan,22,80
C02,2016-04-07,Dushan,23,80
C02,2016-04-07,Dushan,24,62
C02,2016-04-07,Dushan,25,137
C02,2016-04-07,Dushan,26,105
C02,2016-04-07,Dushan,27,101
C02,2016-04-07,Dushan,28,86
C02,2016-04-07,Dushan,29,186
C02,2016-04-07,Dushan,30,101
C02,2016-04-07,Dushan,31,128
C02,2016-04-07,Dushan,32,169
C02,2016-04-07,Dushan,33,145
C02,2016-04-07,Dushan,34,162
C02,2016-04-07,Dushan,35,142
C02,2016-04-07,Dushan,36,190
C02,2016-04-07,Dushan,37,139
C02,2016-04-07,Dushan,38,99
C02,2016-04-07,Dushan,39,183
C02,2016-04-07,Dushan,40,68
C02,2016-04-07,Dushan,41,39
C02,2016-04-07,Dushan,42,62
C02,2016-04-07,Dushan,43,64
C02,2016-04-07,Dushan,44,115
C02,2016-04-07,Dushan,45,85
C02,2016-04-07,Dushan,46,69
C02,2016-04-07,Dushan,47,77
C02,2016-04-07,Dushan,48,55
C02,2016-04-07,Dushan,49,41
C02,2016-04-07,Dushan,50,30
C02,2016-04-07,Dushan,51,34
C02,2016-04-07,Dushan,52,21
C02,2016-04-07,Dushan,53,9
C02,2016-04-07,Dushan,54,7
C02,2016-04-07,Dushan,55,3
C03,2016-04-07,Angelica,14,47
C03,2016-04-07,Angelica,15,59
C03,2016-04-07,Angelica,16,101
C03,2016-04-07,Angelica,17,79
C03,2016-04-07,Angelica,18,82
C03,2016-04-07,Angelica,19,84
C03,2016-04-07,Angelica,20,176
C03,2016-04-07,Angelica,21,131
C03,2016-04-07,Angelica,22,94
C03,2016-04-07,Angelica,23,69
C03,2016-04-07,Angelica,24,119
C03,2016-04-07,Angelica,25,180
C03,2016-04-07,Angelica,26,93
C03,2016-04-07,Angelica,27,124
C03,2016-04-07,Angelica,28,101
C03,2016-04-07,Angelica,29,159
C03,2016-04-07,Angelica,30,97
C03,2016-04-07,Angelica,31,134
C03,2016-04-07,Angelica,32,95
C03,2016-04-07,Angelica,33,243
C03,2016-04-07,Angelica,34,86
C03,2016-04-07,Angelica,35,294
C03,2016-04-07,Angelica,36,64
C03,2016-04-07,Angelica,37,163
C03,2016-04-07,Angelica,38,73
C03,2016-04-07,Angelica,39,131
C03,2016-04-07,Angelica,40,54
C03,2016-04-07,Angelica,41,28
C03,2016-04-07,Angelica,42,69
C03,2016-04-07,Angelica,43,147
C03,2016-04-07,Angelica,44,44
C03,2016-04-07,Angelica,45,37
C03,2016-04-07,Angelica,46,49
C03,2016-04-07,Angelica,47,47
C03,2016-04-07,Angelica,48,22
C03,2016-04-07,Angelica,49,11
C03,2016-04-07,Angelica,50,12
C03,2016-04-07,Angelica,51,9
C03,2016-04-07,Angelica,52,8
C03,2016-04-07,Angelica,53,8
C03,2016-04-07,Angelica,54,7
C03,2016-04-07,Angelica,55,5
C03,2016-04-07,Angelica,56,4
C03,2016-04-07,Angelica,57,3
C03,2016-04-07,Angelica,58,3
C04,2016-04-07,John,16,120
C04,2016-04-07,John,17,126
C04,2016-04-07,John,18,68
C04,2016-04-07,John,19,101
C04,2016-04-07,John,20,115
C04,2016-04-07,John,21,93
C04,2016-04-07,John,22,96
C04,2016-04-07,John,23,126
C04,2016-04-07,John,24,148
C04,2016-04-07,John,25,183
C04,2016-04-07,John,26,107
C04,2016-04-07,John,27,98
C04,2016-04-07,John,28,140
C04,2016-04-07,John,29,153
C04,2016-04-07,John,30,113
C04,2016-04-07,John,31,140
C04,2016-04-07,John,32,193
C04,2016-04-07,John,33,171
C04,2016-04-07,John,34,183
C04,2016-04-07,John,35,134
C04,2016-04-07,John,36,111
C04,2016-04-07,John,37,158
C04,2016-04-07,John,38,127
C04,2016-04-07,John,39,169
C04,2016-04-07,John,40,149
C04,2016-04-07,John,41,123
C04,2016-04-07,John,42,279
C04,2016-04-07,John,43,229
C04,2016-04-07,John,44,192
C04,2016-04-07,John,45,121
C04,2016-04-07,John,46,154
C04,2016-04-07,John,47,241
C04,2016-04-07,John,48,110
C04,2016-04-07,John,49,104
C04,2016-04-07,John,50,165
C04,2016-04-07,John,51,78
C04,2016-04-07,John,52,136
C04,2016-04-07,John,53,57
C04,2016-04-07,John,54,77
C04,2016-04-07,John,55,39
C04,2016-04-07,John,56,54
C04,2016-04-07,John,57,44
C04,2016-04-07,John,58,22
C04,2016-04-07,John,59,22
C04,2016-04-07,John,60,17
C04,2016-04-07,John,61,12
C04,2016-04-07,John,62,9
C04,2016-04-07,John,63,9
C04,2016-04-07,John,64,5
C04,2016-04-07,John,65,6
C04,2016-04-07,John,66,3
C04,2016-04-07,John,67,3
C04,2016-04-07,John,68,1
C05,2016-04-07,Remko,13,49
C05,2016-04-07,Remko,14,73
C05,2016-04-07,Remko,15,95
C05,2016-04-07,Remko,16,171
C05,2016-04-07,Remko,17,162
C05,2016-04-07,Remko,18,169
C05,2016-04-07,Remko,19,154
C05,2016-04-07,Remko,20,175
C05,2016-04-07,Remko,21,120
C05,2016-04-07,Remko,22,159
C05,2016-04-07,Remko,23,151
C05,2016-04-07,Remko,24,144
C05,2016-04-07,Remko,25,145
C05,2016-04-07,Remko,26,203
C05,2016-04-07,Remko,27,138
C05,2016-04-07,Remko,28,155
C05,2016-04-07,Remko,29,116
C05,2016-04-07,Remko,30,173
C05,2016-04-07,Remko,31,175
C05,2016-04-07,Remko,32,167
C05,2016-04-07,Remko,33,153
C05,2016-04-07,Remko,34,134
C05,2016-04-07,Remko,35,83
C05,2016-04-07,Remko,36,41
C05,2016-04-07,Remko,37,80
C05,2016-04-07,Remko,38,60
C05,2016-04-07,Remko,39,29
C05,2016-04-07,Remko,40,21
C05,2016-04-07,Remko,41,30
C05,2016-04-07,Remko,42,10
C05,2016-04-07,Remko,43,11
C05,2016-04-07,Remko,44,7
C05,2016-04-07,Remko,45,5
C05,2016-04-07,Remko,46,4
C05,2016-04-07,Remko,47,6
C06,2016-04-07,Elise,16,108
C06,2016-04-07,Elise,17,130
C06,2016-04-07,Elise,18,138
C06,2016-04-07,Elise,19,146
C06,2016-04-07,Elise,20,163
C06,2016-04-07,Elise,21,88
C06,2016-04-07,Elise,22,133
C06,2016-04-07,Elise,23,95
C06,2016-04-07,Elise,24,181
C06,2016-04-07,Elise,25,119
C06,2016-04-07,Elise,26,171
C06,2016-04-07,Elise,27,146
C06,2016-04-07,Elise,28,175
C06,2016-04-07,Elise,29,150
C06,2016-04-07,Elise,30,225
C06,2016-04-07,Elise,31,132
C06,2016-04-07,Elise,32,185
C06,2016-04-07,Elise,33,151
C06,2016-04-07,Elise,34,417
C06,2016-04-07,Elise,35,115
C06,2016-04-07,Elise,36,156
C06,2016-04-07,Elise,37,161
C06,2016-04-07,Elise,38,175
C06,2016-04-07,Elise,39,94
C06,2016-04-07,Elise,40,149
C06,2016-04-07,Elise,41,115
C06,2016-04-07,Elise,42,101
C06,2016-04-07,Elise,43,97
C06,2016-04-07,Elise,44,51
C06,2016-04-07,Elise,45,60
C06,2016-04-07,Elise,46,56
C06,2016-04-07,Elise,47,71
C06,2016-04-07,Elise,48,18
C06,2016-04-07,Elise,49,35
C06,2016-04-07,Elise,50,28
C06,2016-04-07,Elise,51,27
C06,2016-04-07,Elise,52,19
C06,2016-04-07,Elise,53,13
C06,2016-04-07,Elise,54,7
C06,2016-04-07,Elise,55,5
C06,2016-04-07,Elise,56,3
C06,2016-04-07,Elise,57,1
C07,2016-04-07,Court,16,74
C07,2016-04-07,Court,17,113
C07,2016-04-07,Court,18,151
C07,2016-04-07,Court,19,143
C07,2016-04-07,Court,20,141
C07,2016-04-07,Court,21,85
C07,2016-04-07,Court,22,186
C07,2016-04-07,Court,23,116
C07,2016-04-07,Court,24,127
C07,2016-04-07,Court,25,153
C07,2016-04-07,Court,26,164
C07,2016-04-07,Court,27,134
C07,2016-04-07,Court,28,186
C07,2016-04-07,Court,29,168
C07,2016-04-07,Court,30,239
C07,2016-04-07,Court,31,183
C07,2016-04-07,Court,32,177
C07,2016-04-07,Court,33,255
C07,2016-04-07,Court,34,248
C07,2016-04-07,Court,35,223
C07,2016-04-07,Court,36,181
C07,2016-04-07,Court,37,142
C07,2016-04-07,Court,38,168
C07,2016-04-07,Court,39,167
C07,2016-04-07,Court,40,138
C07,2016-04-07,Court,41,97
C07,2016-04-07,Court,42,103
C07,2016-04-07,Court,43,135
C07,2016-04-07,Court,44,99
C07,2016-04-07,Court,45,111
C07,2016-04-07,Court,46,74
C07,2016-04-07,Court,47,60
C07,2016-04-07,Court,48,49
C07,2016-04-07,Court,49,42
C07,2016-04-07,Court,50,41
C07,2016-04-07,Court,51,30
C07,2016-04-07,Court,52,36
C07,2016-04-07,Court,53,20
C07,2016-04-07,Court,54,16
C07,2016-04-07,Court,55,11
C07,2016-04-07,Court,56,7
C07,2016-04-07,Court,57,5
C07,2016-04-07,Court,58,3
C08,2016-04-07,Remko,17,88
C08,2016-04-07,Remko,18,85
C08,2016-04-07,Remko,19,140
C08,2016-04-07,Remko,20,164
C08,2016-04-07,Remko,21,148
C08,2016-04-07,Remko,22,174
C08,2016-04-07,Remko,23,150
C08,2016-04-07,Remko,24,174
C08,2016-04-07,Remko,25,149
C08,2016-04-07,Remko,26,168
C08,2016-04-07,Remko,27,147
C08,2016-04-07,Remko,28,154
C08,2016-04-07,Remko,29,180
C08,2016-04-07,Remko,30,164
C08,2016-04-07,Remko,31,131
C08,2016-04-07,Remko,32,184
C08,2016-04-07,Remko,33,189
C08,2016-04-07,Remko,34,162
C08,2016-04-07,Remko,35,103
C08,2016-04-07,Remko,36,207
C08,2016-04-07,Remko,37,142
C08,2016-04-07,Remko,38,252
C08,2016-04-07,Remko,39,193
C08,2016-04-07,Remko,40,219
C08,2016-04-07,Remko,41,176
C08,2016-04-07,Remko,42,203
C08,2016-04-07,Remko,43,176
C08,2016-04-07,Remko,44,185
C08,2016-04-07,Remko,45,169
C08,2016-04-07,Remko,46,147
C08,2016-04-07,Remko,47,128
C08,2016-04-07,Remko,48,188
C08,2016-04-07,Remko,49,109
C08,2016-04-07,Remko,50,130
C08,2016-04-07,Remko,51,92
C08,2016-04-07,Remko,52,89
C08,2016-04-07,Remko,53,75
C08,2016-04-07,Remko,54,72
C08,2016-04-07,Remko,55,52
C08,2016-04-07,Remko,56,44
C08,2016-04-07,Remko,57,28
C08,2016-04-07,Remko,58,30
C08,2016-04-07,Remko,59,18
C08,2016-04-07,Remko,60,18
C08,2016-04-07,Remko,61,10
C08,2016-04-07,Remko,62,7
C08,2016-04-07,Remko,63,3
C08,2016-04-07,Remko,64,3
C08,2016-04-07,Remko,65,1
C08,2016-04-07,Remko,66,1
C09,2016-04-07,Angelica,13,78
C09,2016-04-07,Angelica,14,94
C09,2016-04-07,Angelica,15,64
C09,2016-04-07,Angelica,16,101
C09,2016-04-07,Angelica,17,92
C09,2016-04-07,Angelica,18,140
C09,2016-04-07,Angelica,19,153
C09,2016-04-07,Angelica,20,159
C09,2016-04-07,Angelica,21,106
C09,2016-04-07,Angelica,22,167
C09,2016-04-07,Angelica,23,145
C09,2016-04-07,Angelica,24,169
C09,2016-04-07,Angelica,25,89
C09,2016-04-07,Angelica,26,169
C09,2016-04-07,Angelica,27,133
C09,2016-04-07,Angelica,28,159
C09,2016-04-07,Angelica,29,149
C09,2016-04-07,Angelica,30,182
C09,2016-04-07,Angelica,31,166
C09,2016-04-07,Angelica,32,211
C09,2016-04-07,Angelica,33,184
C09,2016-04-07,Angelica,34,306
C09,2016-04-07,Angelica,35,153
C09,2016-04-07,Angelica,36,146
C09,2016-04-07,Angelica,37,91
C09,2016-04-07,Angelica,38,162
C09,2016-04-07,Angelica,39,115
C09,2016-04-07,Angelica,40,125
C09,2016-04-07,Angelica,41,96
C09,2016-04-07,Angelica,42,111
C09,2016-04-07,Angelica,43,79
C09,2016-04-07,Angelica,44,78
C09,2016-04-07,Angelica,45,56
C09,2016-04-07,Angelica,46,51
C09,2016-04-07,Angelica,47,34
C09,2016-04-07,Angelica,48,38
C09,2016-04-07,Angelica,49,20
C09,2016-04-07,Angelica,50,18
C09,2016-04-07,Angelica,51,9
C09,2016-04-07,Angelica,52,8
C09,2016-04-07,Angelica,53,4
C09,2016-04-07,Angelica,54,3
C09,2016-04-07,Angelica,55,3
C10,2016-04-07,John,16,82
C10,2016-04-07,John,17,100
C10,2016-04-07,John,18,71
C10,2016-04-07,John,19,120
C10,2016-04-07,John,20,143
C10,2016-04-07,John,21,137
C10,2016-04-07,John,22,131
C10,2016-04-07,John,23,112
C10,2016-04-07,John,24,104
C10,2016-04-07,John,25,161
C10,2016-04-07,John,26,110
C10,2016-04-07,John,27,117
C10,2016-04-07,John,28,101
C10,2016-04-07,John,29,124
C10,2016-04-07,John,30,174
C10,2016-04-07,John,31,171
C10,2016-04-07,John,32,134
C10,2016-04-07,John,33,183
C10,2016-04-07,John,34,138
C10,2016-04-07,John,35,184
C10,2016-04-07,John,36,134
C10,2016-04-07,John,37,158
C10,2016-04-07,John,38,158
C10,2016-04-07,John,39,183
C10,2016-04-07,John,40,105
C10,2016-04-07,John,41,193
C10,2016-04-07,John,42,154
C10,2016-04-07,John,43,135
C10,2016-04-07,John,44,69
C10,2016-04-07,John,45,120
C10,2016-04-07,John,46,140
C10,2016-04-07,John,47,123
C10,2016-04-07,John,48,106
C10,2016-04-07,John,49,76
C10,2016-04-07,John,50,81
C10,2016-04-07,John,51,54
C10,2016-04-07,John,52,54
C10,2016-04-07,John,53,47
C10,2016-04-07,John,54,48
C10,2016-04-07,John,55,63
C10,2016-04-07,John,56,25
C10,2016-04-07,John,57,20
C10,2016-04-07,John,58,15
C10,2016-04-07,John,59,14
C10,2016-04-07,John,60,10
C10,2016-04-07,John,61,5
C10,2016-04-07,John,62,6
C10,2016-04-07,John,63,4
C11,2016-04-07,Dushan,16,122
C11,2016-04-07,Dushan,17,159
C11,2016-04-07,Dushan,18,139
C11,2016-04-07,Dushan,19,210
C11,2016-04-07,Dushan,20,171
C11,2016-04-07,Dushan,21,146
C11,2016-04-07,Dushan,22,194
C11,2016-04-07,Dushan,23,203
C11,2016-04-07,Dushan,24,152
C11,2016-04-07,Dushan,25,152
C11,2016-04-07,Dushan,26,169
C11,2016-04-07,Dushan,27,164
C11,2016-04-07,Dushan,28,195
C11,2016-04-07,Dushan,29,133
C11,2016-04-07,Dushan,30,239
C11,2016-04-07,Dushan,31,194
C11,2016-04-07,Dushan,32,209
C11,2016-04-07,Dushan,33,139
C11,2016-04-07,Dushan,34,235
C11,2016-04-07,Dushan,35,139
C11,2016-04-07,Dushan,36,228
C11,2016-04-07,Dushan,37,103
C11,2016-04-07,Dushan,38,219
C11,2016-04-07,Dushan,39,138
C11,2016-04-07,Dushan,40,92
C11,2016-04-07,Dushan,41,90
C11,2016-04-07,Dushan,42,103
C11,2016-04-07,Dushan,43,34
C11,2016-04-07,Dushan,44,36
C11,2016-04-07,Dushan,45,37
C11,2016-04-07,Dushan,46,34
C11,2016-04-07,Dushan,47,27
C11,2016-04-07,Dushan,48,13
C11,2016-04-07,Dushan,49,14
C11,2016-04-07,Dushan,50,12
C11,2016-04-07,Dushan,51,5
C11,2016-04-07,Dushan,52,3
C11,2016-04-07,Dushan,53,3
C11,2016-04-07,Dushan,54,3
C12,2016-04-07,Court,18,81
C12,2016-04-07,Court,19,76
C12,2016-04-07,Court,20,168
C12,2016-04-07,Court,21,83
C12,2016-04-07,Court,22,128
C12,2016-04-07,Court,23,126
C12,2016-04-07,Court,24,128
C12,2016-04-07,Court,25,151
C12,2016-04-07,Court,26,196
C12,2016-04-07,Court,27,101
C12,2016-04-07,Court,28,127
C12,2016-04-07,Court,29,115
C12,2016-04-07,Court,30,188
C12,2016-04-07,Court,31,117
C12,2016-04-07,Court,32,156
C12,2016-04-07,Court,33,183
C12,2016-04-07,Court,34,157
C12,2016-04-07,Court,35,160
C12,2016-04-07,Court,36,191
C12,2016-04-07,Court,37,193
C12,2016-04-07,Court,38,172
C12,2016-04-07,Court,39,196
C12,2016-04-07,Court,40,228
C12,2016-04-07,Court,41,129
C12,2016-04-07,Court,42,185
C12,2016-04-07,Court,43,164
C12,2016-04-07,Court,44,209
C12,2016-04-07,Court,45,287
C12,2016-04-07,Court,46,148
C12,2016-04-07,Court,47,88
C12,2016-04-07,Court,48,202
C12,2016-04-07,Court,49,197
C12,2016-04-07,Court,50,78
C12,2016-04-07,Court,51,101
C12,2016-04-07,Court,52,96
C12,2016-04-07,Court,53,68
C12,2016-04-07,Court,54,62
C12,2016-04-07,Court,55,52
C12,2016-04-07,Court,56,39
C12,2016-04-07,Court,57,32
C12,2016-04-07,Court,58,27
C12,2016-04-07,Court,59,13
C12,2016-04-07,Court,60,7
C12,2016-04-07,Court,61,7
C12,2016-04-07,Court,62,3
C12,2016-04-07,Court,63,5
